version https://git-lfs.github.com/spec/v1
oid sha256:62293bbb35ca0f2a0894526860e45d75e21cbd83abec794f6711791d98f3cb4b
size 26
