version https://git-lfs.github.com/spec/v1
oid sha256:6f9ccd9abb311238662c474b8266200bebe4102a9d8e9de5aa787c5caacddc78
size 18
