version https://git-lfs.github.com/spec/v1
oid sha256:9e4fd5313b10aa5577e6e4dd5089bc2e6ecdf4eb346a97bc0a807e0d9c63a95e
size 19
