version https://git-lfs.github.com/spec/v1
oid sha256:ea6af579ef31f63d531607b90c4025519bbc9173f40107d7dfb5b6afcaa2db3d
size 19
