version https://git-lfs.github.com/spec/v1
oid sha256:f66d80064e119b5e0ee717d36f8f3c0ba53109eb9cd57ef862f6b1322d03db79
size 18
