version https://git-lfs.github.com/spec/v1
oid sha256:2d7a4184a3bd6df541f42c835d1f8e6baffedb7db81eb56be4e25fe48f986eaa
size 18
