version https://git-lfs.github.com/spec/v1
oid sha256:09d34fbf9e243a7ff27f05853ca474567dd380d9dbf7d4ea67a887eaa9ea1e38
size 17
