version https://git-lfs.github.com/spec/v1
oid sha256:baee96a191c96806941dd3021cbcc96c4c50210611c80152b2014e3c0ca045e5
size 26
