version https://git-lfs.github.com/spec/v1
oid sha256:e271912a16d03642327d8a3080b4f179adcdf386f312963cb2e0902d28a82c43
size 18
