version https://git-lfs.github.com/spec/v1
oid sha256:6276f7d66f3d057e744ae4b7da6cdea5d5e768495882c65498242696e2c343cc
size 18
