version https://git-lfs.github.com/spec/v1
oid sha256:bd2aad4d411e79cc4019e27d0b1a812e72c9fa692793c1bcf2e7c2394139afc2
size 26
