version https://git-lfs.github.com/spec/v1
oid sha256:f3bbd97be9faa296eefa54c8bad62d21d445b36e02fd045079700b49095d1e79
size 53
