version https://git-lfs.github.com/spec/v1
oid sha256:c74f0031a7ce670cdaadfc298fdc50e942c686179af131c9f3b47ea9b4a01e8f
size 19
