version https://git-lfs.github.com/spec/v1
oid sha256:7c8448e171c60d3759b69618dddbb1cb159bff9af97f174139e57cf9d55ec552
size 33
