version https://git-lfs.github.com/spec/v1
oid sha256:48c4f37290bfd6993ab84899f9e89745ff4aa96385bc0f8f6f592e3cb8e4c063
size 66
