version https://git-lfs.github.com/spec/v1
oid sha256:a116bd0f57effa1d17faaa52b63140abfa81d2b947b71a5ca20b58631d313b3d
size 19
