version https://git-lfs.github.com/spec/v1
oid sha256:dad63117da27f254f36ed8a0a53cde6ee102c17e35708c504c7223f20545d835
size 19
