version https://git-lfs.github.com/spec/v1
oid sha256:ce5457903c41364b0fa41d7e4cf238bd4fceb6a238157fd9ddf996c9d3ed06f4
size 18
