version https://git-lfs.github.com/spec/v1
oid sha256:cff42b4942ccd686b683de41d788490145988ae5db61b0a2757895560b9c4b32
size 19
