version https://git-lfs.github.com/spec/v1
oid sha256:0d970d68baac4103d2472bccc9833e30c8cc8ba62e8bc33de9287901efa9423f
size 18
