version https://git-lfs.github.com/spec/v1
oid sha256:ed89f99f4f10042caee669ffa7a2aec8d569ec525ee423e7644a69c6362ca3cc
size 19
