version https://git-lfs.github.com/spec/v1
oid sha256:eb490403a4dadcda70bd2ab06d787f826e6f3042b6e6cbfd2af29329fa2f22e0
size 26
