version https://git-lfs.github.com/spec/v1
oid sha256:8a7ec80ee21fe23a5ada9684c69200329c0e674c696f42d33adde50535a719ff
size 89
