version https://git-lfs.github.com/spec/v1
oid sha256:c66c6efb5a18636037c4c7a2024088e62aafb5897841017ebcb496e9a93accfa
size 26
