version https://git-lfs.github.com/spec/v1
oid sha256:b1285158072dc9ad6387c48559470a9ec458531a01280e4db68414f3ab229af8
size 25
