version https://git-lfs.github.com/spec/v1
oid sha256:d195f800e1dfa7a3859e992b41876888cbc2fbb3820f212e67ecbfb41bf410d9
size 18
