version https://git-lfs.github.com/spec/v1
oid sha256:e64bc2c04dd81dd11c5cae7f134d151565e045e31112bab6c234b2e652d00a57
size 26
