version https://git-lfs.github.com/spec/v1
oid sha256:2593c398229a9b2ea11ef222830605235d11ce25327daa1053ca246074678f33
size 25
