version https://git-lfs.github.com/spec/v1
oid sha256:574d76a1bdd3a399fbc1c9c03c0089177150d0babc385c16c61be3db8c68f7da
size 38
