version https://git-lfs.github.com/spec/v1
oid sha256:6d68cdb959533f82b719e0e5da21ce7fdcd87c7a7cff024186087ab2be66072d
size 16
