version https://git-lfs.github.com/spec/v1
oid sha256:5a32bd82017d56764e8940eafa0ad3f9e5c2b1b07127f30d4d856ab320803de4
size 25
