version https://git-lfs.github.com/spec/v1
oid sha256:e6109c7d2679aca1d71622232b2dda628e93121bc55d444bb6c9c6b49abf09f6
size 18
