version https://git-lfs.github.com/spec/v1
oid sha256:2d4979fea066513f4940b0f7d88f4ad52b6a1080f63bb05dcac43bb3a626e4bb
size 18
