version https://git-lfs.github.com/spec/v1
oid sha256:b6cdb3793c1b84a4a8ab1066bf9ae8f28260720226c6815aa350684061101c7f
size 18
