version https://git-lfs.github.com/spec/v1
oid sha256:544a38fc8b2be4c4346f2dd347d05c725671e5a3088ac9603b92fbd7b2cee4b2
size 23
