version https://git-lfs.github.com/spec/v1
oid sha256:ca5bb58f13d274fd96b523480d4b8f1b4d27d1ebdbf65bfc2c227dd6c9562bbe
size 25
